# Steps, Time, visc, Nusselt bottom/top, av_T, vrms, surf_rms, surf_max, grav, etamax, etamin
1.000000000000000000e+00 0.000000000000000000e+00 7.267995335524753318e+04 1.000000876279595108e+00 9.999991232089811000e-01 4.999998223346615589e-01 1.426563330175522424e+03 1.914143801469716522e+01 2.649214527310665446e+01 1.944445183528920873e-01 1.993243557250108378e+00 1.999956605796044635e-05
2.000000000000000000e+00 1.407653277752373479e-07 7.267527035747186164e+04 1.000166758619764673e+00 9.999997111263085880e-01 4.999995541700583135e-01 1.426557511180350048e+03 1.912402441558031185e+01 2.647137173385203468e+01 2.402925836398082382e-01 1.993243200477990085e+00 1.999956605801160714e-05
3.000000000000000000e+00 2.757645421899774076e-07 7.685559376766176138e+04 1.000387078115887007e+00 1.000000281766551646e+00 4.999993107652799251e-01 1.481700258389721739e+03 1.934656342867430823e+01 2.678364676937894018e+01 3.358679584801629314e-01 1.993078293603838480e+00 1.999956542617135441e-05
4.000000000000000000e+00 4.055956543264920688e-07 8.105833277800196083e+04 1.000610502744096797e+00 1.000000836153392525e+00 4.999990813454514016e-01 1.535391302312458492e+03 1.956868516501709010e+01 2.709591966278880193e+01 4.353123335930647042e-01 1.992828636402531162e+00 1.999956484057920225e-05
5.000000000000000000e+00 5.306679673754528698e-07 8.536181272920734773e+04 1.000842433934263198e+00 1.000001375933952774e+00 4.999988630496535746e-01 1.588789064595611762e+03 1.979248136650702250e+01 2.741175486998025335e+01 5.375956386237672469e-01 1.992497797669283699e+00 1.999956430559825124e-05
6.000000000000000000e+00 6.513486745574299209e-07 8.976498414361484174e+04 1.001082228037408983e+00 1.000001902471055359e+00 4.999986556930209325e-01 1.641874541265296784e+03 2.002166726445857847e+01 2.773706237907782324e+01 6.443445672803171931e-01 1.992051085624791051e+00 1.999956380985042301e-05
7.000000000000000000e+00 7.679672672787750067e-07 9.426746112441120204e+04 1.001329993118638573e+00 1.000002417013637901e+00 4.999984592655286608e-01 1.694632902924334076e+03 2.026389253889416509e+01 2.808389879359209473e+01 7.581134627086705269e-01 1.991454917312576622e+00 1.999956335026519940e-05
8.000000000000000000e+00 8.808227250244750770e-07 9.886847788486702484e+04 1.001585739624975879e+00 1.000002920565577380e+00 4.999982745559725661e-01 1.747042387402016175e+03 2.053649852293358791e+01 2.848018303001717300e+01 8.853033760246999950e-01 1.990676716424171655e+00 1.999956292349540097e-05
9.000000000000000000e+00 9.901882032519200335e-07 1.035661044863335264e+05 1.001849527521573746e+00 1.000003413448903977e+00 4.999981041367810852e-01 1.799105099782659863e+03 2.088366326169783349e+01 2.899149846228220184e+01 1.043183602364661899e+00 1.989748190213963763e+00 1.999956252714485622e-05
1.000000000000000000e+01 1.097959111019446100e-06 1.083624926961193996e+05 1.002127682471774861e+00 1.000003830139308603e+00 4.999979991887304465e-01 1.832283124873054931e+03 2.636282870503672981e+01 3.719083881342127995e+01 1.645618025543169161e+00 1.952507752751385217e+00 1.999956227183437399e-05
1.100000000000000000e+01 1.201655255877100573e-06 1.140029492791666416e+05 1.002411683482729687e+00 1.000004438563584230e+00 4.999979716328994961e-01 1.897710065083695781e+03 1.648878248840923177e+01 2.406937102090271452e+01 2.263721552741447596e+00 1.863475171762539517e+00 1.999956186993063042e-05
1.200000000000000000e+01 1.301111594816129209e-06 1.186425930996266106e+05 1.002698070089619087e+00 1.000005209833261244e+00 4.999980083386509899e-01 1.968639180675374746e+03 1.903500635314158984e+01 2.717621409099324126e+01 3.223852396582767899e+00 1.888153397171365322e+00 1.999956147516256005e-05
1.300000000000000000e+01 1.396481831684294988e-06 1.235905694429544819e+05 1.002988543204239136e+00 1.000005831945267820e+00 4.999981467120441780e-01 2.041818355399305801e+03 2.064848681418984810e+01 2.923210599338235127e+01 4.459627205385577220e+00 1.901097326064586257e+00 1.999956109961355545e-05
1.400000000000000000e+01 1.489153342111303534e-06 1.292164973897635355e+05 1.003287850246837865e+00 1.000006084591904765e+00 4.999983633810774486e-01 2.094234628275414252e+03 3.400962828827134388e+01 4.806871634713666452e+01 4.804950950362628426e+00 1.869521597760946729e+00 1.999956079484644912e-05
1.500000000000000000e+01 1.580290287006608293e-06 1.337510979755165172e+05 1.003596776052383399e+00 1.000006232129251327e+00 4.999984440131448604e-01 2.127471560727598899e+03 2.308314247203161784e+01 3.196199297972393438e+01 2.308690931120520151e+00 1.987076708831902572e+00 1.999956051144227606e-05
1.600000000000000000e+01 1.669217076875347295e-06 1.391010192447715090e+05 1.003912021791363962e+00 1.000006584107388186e+00 4.999983620694479769e-01 2.177090737737690233e+03 2.289818060149214318e+01 3.168568369502019877e+01 2.276515463335805567e+00 1.990042674771634212e+00 1.999956025172377338e-05
1.700000000000000000e+01 1.756015635315614712e-06 1.445756718869784090e+05 1.004235452632952885e+00 1.000006942669611654e+00 4.999982709302405737e-01 2.227359319765730561e+03 2.289323999893481343e+01 3.167150277284235571e+01 2.313852829568295189e+00 1.991772196417703089e+00 1.999956000598843619e-05
1.800000000000000000e+01 1.840773495448941555e-06 1.501477897983481234e+05 1.004566748736401394e+00 1.000007302448626678e+00 4.999981766309886111e-01 2.277932603985469086e+03 2.296701229790558330e+01 3.177072285018055098e+01 2.388769057128551587e+00 1.992823353790075247e+00 1.999955977227538660e-05
1.900000000000000000e+01 1.923578023572970036e-06 1.558176329379061353e+05 1.004905880475399860e+00 1.000007661144747040e+00 4.999980821011666410e-01 2.328666354640563441e+03 2.308263783535435465e+01 3.192980519284276042e+01 2.485400874724436271e+00 1.993447791297369598e+00 1.999955954974299912e-05
2.000000000000000000e+01 2.004514196554814066e-06 1.615853494663456513e+05 1.005252814170878306e+00 1.000008017470627619e+00 4.999979888846981524e-01 2.379477510166495449e+03 2.322243379363841242e+01 3.212322793271672339e+01 2.595897926018845059e+00 1.993795144420833720e+00 1.999955933766428231e-05
2.100000000000000000e+01 2.083663406362973184e-06 1.674509979034790595e+05 1.005607533197361292e+00 1.000008370702609284e+00 4.999978978354202575e-01 2.430317426095421069e+03 2.337709219281584438e+01 3.233764242031118386e+01 2.716038235805871004e+00 1.993957482804805004e+00 1.999955913536926699e-05
2.200000000000000000e+01 2.161097948551336409e-06 1.734146049318351143e+05 1.005970005026610936e+00 1.000008720409168106e+00 4.999978094448893073e-01 2.481157127489103459e+03 2.354135073313652882e+01 3.256554333775926580e+01 2.843385172924070670e+00 1.993993481295875725e+00 1.999955894223588878e-05
2.300000000000000000e+01 2.236890666707373250e-06 1.794757962065319007e+05 1.006340218531072361e+00 1.000009066366687183e+00 4.999977239909147997e-01 2.531975882094422559e+03 2.371204442015910985e+01 3.280243875257014707e+01 2.976449629663683094e+00 1.993941471024569978e+00 1.999955875769650684e-05
2.400000000000000000e+01 2.311110743258746856e-06 1.856345390819729073e+05 1.006718167158814570e+00 1.000009408468466310e+00 4.999976416269598101e-01 2.582762901023152608e+03 2.388718815917636817e+01 3.304552343088045774e+01 3.114280046784255518e+00 1.993826949544817539e+00 1.999955858121356359e-05
2.500000000000000000e+01 2.383823344175479737e-06 1.918908490671508771e+05 1.007103855457756270e+00 1.000009746680279754e+00 4.999975624280197373e-01 2.633512081546508853e+03 2.406548446679335740e+01 3.329297118290618585e+01 3.256242706950055688e+00 1.993667134408607655e+00 1.999955841228833280e-05
2.600000000000000000e+01 2.455089838199317220e-06 1.982447569964831928e+05 1.007497288968078664e+00 1.000010081014535146e+00 4.999974864209154601e-01 2.684220151909519700e+03 2.424605681116122113e+01 3.354355298750109426e+01 3.401901204104519572e+00 1.993473831903089133e+00 1.999955825045951694e-05
2.700000000000000000e+01 2.524968030902091609e-06 2.046963098616430943e+05 1.007898463428130054e+00 1.000010411513945208e+00 4.999974136048404016e-01 2.734885711436877500e+03 2.442829683018244324e+01 3.379641893772995331e+01 3.550946159809547531e+00 1.993255279453748807e+00 1.999955809530082465e-05
2.800000000000000000e+01 2.593512398927999243e-06 2.112455708080163749e+05 1.008307370692310023e+00 1.000010738240894703e+00 4.999973439601860803e-01 2.785508617350027635e+03 2.461177276294053939e+01 3.405096802243522802e+01 3.703152682301692700e+00 1.993017335260204081e+00 1.999955794641799259e-05
2.900000000000000000e+01 2.660774316997889523e-06 2.178926193058776262e+05 1.008724004090758353e+00 1.000011061270360768e+00 4.999972774536925457e-01 2.836089591252226455e+03 2.479617214413175219e+01 3.430676674804832516e+01 3.858353560201633670e+00 1.992764256296256642e+00 1.999955780344574627e-05
3.000000000000000000e+01 2.726802272676088644e-06 2.246375516518628283e+05 1.009148358089491104e+00 1.000011380685113638e+00 4.999972140432303314e-01 2.886629964184817254e+03 2.498126540871691148e+01 3.456349776918320771e+01 4.016422312879439183e+00 1.992499207920425341e+00 1.999955766604640076e-05
3.100000000000000000e+01 2.791642063452533170e-06 2.314804847724997962e+05 1.009580427834058769e+00 1.000011696572405517e+00 4.999971536809467709e-01 2.937131550609049555e+03 2.516688210842487905e+01 3.482111032248351989e+01 4.177261826791289323e+00 1.992224607213096244e+00 1.999955753390856303e-05
3.200000000000000000e+01 2.855332724573903488e-06 2.384215545061028970e+05 1.010020180805744516e+00 1.000012009000779356e+00 4.999970963188725137e-01 2.987596483874753631e+03 2.535289423728987757e+01 3.507965656005971766e+01 4.340791365930734891e+00 1.991942338381272881e+00 1.999955740674388274e-05
3.300000000000000000e+01 2.917914727229085357e-06 2.454604352127528691e+05 1.010467629943156753e+00 1.000012318057495575e+00 4.999970418957933593e-01 3.038023684792806307e+03 2.553919273719117200e+01 3.533856452005459658e+01 4.506944301300054967e+00 1.991653925585809448e+00 1.999955728429296791e-05
3.400000000000000000e+01 2.979427082856078830e-06 2.525971908237816824e+05 1.010922786081128510e+00 1.000012623832688963e+00 4.999969903492805234e-01 3.088415018414014867e+03 2.572570330616407830e+01 3.559773495218056638e+01 4.675668191068124813e+00 1.991360703608040961e+00 1.999955716631760915e-05
3.500000000000000000e+01 3.039906775032083082e-06 2.598319734121337533e+05 1.011385639442715645e+00 1.000012926415157155e+00 4.999969416236900166e-01 3.138772978229650107e+03 2.591237106813264290e+01 3.585709513921996461e+01 4.846921712065062060e+00 1.991063794414840160e+00 1.999955705259179775e-05
3.600000000000000000e+01 3.099388896127386007e-06 2.671649520238045952e+05 1.011856186811113334e+00 1.000013225891868140e+00 4.999968956634630035e-01 3.189100140789415036e+03 2.609915335439228556e+01 3.611658874391259388e+01 5.020674050677782496e+00 1.990764080424509697e+00 1.999955694289530514e-05
3.700000000000000000e+01 3.157906773303854626e-06 2.745963129439869663e+05 1.012334426011808119e+00 1.000013522347631190e+00 4.999968524138171944e-01 3.239399137443804648e+03 2.628601803710729357e+01 3.637617380406940981e+01 5.196899740994676442e+00 1.990462344248150606e+00 1.999955683702395911e-05
3.800000000000000000e+01 3.215492084660359636e-06 2.821262585052691284e+05 1.012820326377095403e+00 1.000013815864844169e+00 4.999968118211334245e-01 3.289672624935631120e+03 2.647294105830993161e+01 3.663581929821861394e+01 5.375578175407376591e+00 1.990159276076594708e+00 1.999955673478705527e-05
3.900000000000000000e+01 3.272174966201170979e-06 2.897550057405504049e+05 1.013313863653232172e+00 1.000014106523386292e+00 4.999967738327456557e-01 3.339923263115150803e+03 2.665990374531980578e+01 3.689550132610098387e+01 5.556694553371062995e+00 1.989855429302809231e+00 1.999955663600664217e-05
4.000000000000000000e+01 3.327984110575486366e-06 2.974827878910483560e+05 1.013815041150034180e+00 1.000014394400544626e+00 4.999967383974197599e-01 3.390153717362386942e+03 2.684689262354492101e+01 3.715520302234191519e+01 5.740236963459976138e+00 1.989551311829962144e+00 1.999955654051601694e-05
4.100000000000000000e+01 3.382945275444791248e-06 3.053098556360671064e+05 1.014323842881523108e+00 1.000014679562765352e+00 4.999967054666439870e-01 3.440366662883929166e+03 2.703389911816639568e+01 3.741491427103240852e+01 5.926191707798815322e+00 1.989247453016842915e+00 1.999955644815899349e-05
4.200000000000000000e+01 3.437081636558048992e-06 3.132362464955846663e+05 1.014840240453877884e+00 1.000014962066818835e+00 4.999966749937279076e-01 3.490563326556783522e+03 2.722091240147434377e+01 3.767462164998049445e+01 6.114542289695159560e+00 1.988944348370015991e+00 1.999955635879180322e-05
4.300000000000000000e+01 3.490418243997556071e-06 3.212617928881693515e+05 1.015364232858285920e+00 1.000015241982639802e+00 4.999966469314590656e-01 3.540743626164348825e+03 2.740791948601662043e+01 3.793430861359141204e+01 6.305275995341264483e+00 1.988642475865152859e+00 1.999955627228150939e-05
4.400000000000000000e+01 3.542979019506020468e-06 3.293867689648088999e+05 1.015895819601858818e+00 1.000015519377526640e+00 4.999966212338916027e-01 3.590910216503533775e+03 2.759491958097455111e+01 3.819397553525610078e+01 6.498387328481656233e+00 1.988342273579305930e+00 1.999955618849844142e-05
4.500000000000000000e+01 3.594786823440307665e-06 3.376114627301146975e+05 1.016435000822092372e+00 1.000015794316259754e+00 4.999965978564146485e-01 3.641065722891396490e+03 2.778191354497877441e+01 3.845362490308313141e+01 6.693871962926753127e+00 1.988044162530003600e+00 1.999955610732059947e-05
4.600000000000000000e+01 3.645863517551590195e-06 3.459361778272814117e+05 1.016981776844508412e+00 1.000016066861170616e+00 4.999965767558493535e-01 3.691212754411866172e+03 2.796890348671013271e+01 3.871326082261633417e+01 6.891726819056976261e+00 1.987748546883487011e+00 1.999955602863314619e-05
4.700000000000000000e+01 3.696230022170023367e-06 3.543612363026962266e+05 1.017536148548367825e+00 1.000016337072216377e+00 4.999965578904559393e-01 3.741353917303888466e+03 2.815589290971925962e+01 3.897288932031990072e+01 7.091950165167511422e+00 1.987455815813234050e+00 1.999955595232800017e-05
4.800000000000000000e+01 3.745906369837147352e-06 3.628869759180305409e+05 1.018098117557572291e+00 1.000016605007068904e+00 4.999965412197629466e-01 3.791491796139076541e+03 2.834288609055210628e+01 3.923251740350615790e+01 7.294541262029708761e+00 1.987166344921263983e+00 1.999955587830332774e-05
4.900000000000000000e+01 3.794911755885727370e-06 3.715137498184705619e+05 1.018667685902152842e+00 1.000016870721196272e+00 4.999965267046134754e-01 3.841628953466470648e+03 2.852988784852303183e+01 3.949215272752366701e+01 7.499500733662936902e+00 1.986880481612703253e+00 1.999955580646249598e-05
5.000000000000000000e+01 3.843263887444639871e-06 3.802419275863515213e+05 1.019244847817992072e+00 1.000017134264156837e+00 4.999965143072896412e-01 3.891767939273985121e+03 2.871690341571821392e+01 3.975180343492216650e+01 7.706829020105031347e+00 1.986598549016904913e+00 1.999955573671376445e-05
5.100000000000000000e+01 3.890976941382393652e-06 3.890717679356711451e+05 1.019829563239599945e+00 1.000017395668162612e+00 4.999965039917684262e-01 3.941910567784018440e+03 2.890393609532989672e+01 4.001147497950758236e+01 7.916519407313168166e+00 1.986320881816621142e+00 1.999955566897200973e-05
5.200000000000000000e+01 3.938068008713294523e-06 3.980030095440938021e+05 1.020421834285406115e+00 1.000017654983066162e+00 4.999964957221036399e-01 3.992055678163020730e+03 2.909097891564932681e+01 4.027115851608527919e+01 8.128565884380668294e+00 1.986047833947324870e+00 1.999955560316096496e-05
5.300000000000000000e+01 3.984553503925868352e-06 4.070360455750178080e+05 1.021021663129533463e+00 1.000017912256774943e+00 4.999964894633186496e-01 4.042205779645149505e+03 2.927803856291127360e+01 4.053086417473794256e+01 8.342971209686021794e+00 1.985779727744345191e+00 1.999955553920347562e-05
5.400000000000000000e+01 4.030449200926444138e-06 4.161712822456148569e+05 1.021629052527794901e+00 1.000018167535382529e+00 4.999964851815296152e-01 4.092363347880594574e+03 2.946512213077141595e+01 4.079060259563262747e+01 8.559738820313846475e+00 1.985516876320187363e+00 1.999955547702649697e-05
5.500000000000000000e+01 4.075770266337308358e-06 4.254091429768349626e+05 1.022244005888252039e+00 1.000018420863238777e+00 4.999964828439033004e-01 4.142530850450324579e+03 2.965223701677861712e+01 4.105038482316322757e+01 8.778872898895782484e+00 1.985259584044710035e+00 1.999955541656072815e-05
5.600000000000000000e+01 4.120531290685877709e-06 4.347500679215434939e+05 1.022866527202087150e+00 1.000018672283037313e+00 4.999964824186339807e-01 4.192710743250915584e+03 2.983939082884904792e+01 4.131022216801211044e+01 9.000378267061089232e+00 1.985008146627479597e+00 1.999955535774043943e-05
5.700000000000000000e+01 4.164746317631615847e-06 4.441945139043422532e+05 1.023496621054547084e+00 1.000018921835870600e+00 4.999964838748796048e-01 4.242905469564591840e+03 3.002659130864580916e+01 4.157012610314922796e+01 9.224260421970333468e+00 1.984762850345543894e+00 1.999955530050325189e-05
5.800000000000000000e+01 4.208428871348075093e-06 4.537429551571676857e+05 1.024134292618851250e+00 1.000019169561313648e+00 4.999964871827217161e-01 4.293117466567582596e+03 3.021384638406596679e+01 4.183010834203930983e+01 9.450525485545639981e+00 1.984523973282779741e+00 1.999955524478986307e-05
5.900000000000000000e+01 4.251591186628803468e-06 4.633958838708428084e+05 1.024779534833382355e+00 1.000019415492943597e+00 4.999964923130812422e-01 4.343349167217897048e+03 3.040116408604247766e+01 4.209018072812149569e+01 9.679178237890074143e+00 1.984291784854268270e+00 1.999955519054385380e-05
6.000000000000000000e+01 4.294242721232502677e-06 4.731536292896841769e+05 1.025432305086612317e+00 1.000019659649662218e+00 4.999964992371915273e-01 4.393602069733879034e+03 3.058854922632997031e+01 4.235035061469439910e+01 9.910215697120566603e+00 1.984066550640572579e+00 1.999955513771254880e-05
6.100000000000000000e+01 4.336395706391886556e-06 4.830159847488643136e+05 1.026092608603442313e+00 1.000019902067259991e+00 4.999965079273919755e-01 4.443874903756113781e+03 3.077599651793803659e+01 4.261061130871468094e+01 1.014363643786688307e+01 1.983848538205037926e+00 1.999955508624854471e-05
6.200000000000000000e+01 4.378061941808850783e-06 4.929834654665422859e+05 1.026760450628801280e+00 1.000020142780184473e+00 4.999965183567788296e-01 4.494170074583413225e+03 3.096351416659865308e+01 4.287097490394314292e+01 1.037944838765487887e+01 1.983637989702879079e+00 1.999955503610284575e-05
6.300000000000000000e+01 4.419252816215086362e-06 5.030566003443211084e+05 1.027435837116370987e+00 1.000020381821648208e+00 4.999965304992628479e-01 4.544489962500815636e+03 3.115111062375820694e+01 4.313145380181780553e+01 1.061766006452242728e+01 1.983435139193611141e+00 1.999955498722876348e-05
6.400000000000000000e+01 4.459979326549372270e-06 5.132359358084510313e+05 1.028118774555602633e+00 1.000020619223674023e+00 4.999965443295231737e-01 4.594836942376906336e+03 3.133879448424926650e+01 4.339206059840566354e+01 1.085828054713075197e+01 1.983240212654580059e+00 1.999955493958180495e-05
6.500000000000000000e+01 4.500252096020323504e-06 5.235220357845360413e+05 1.028809270051481484e+00 1.000020855017146992e+00 4.999965598229917374e-01 4.645213383490936394e+03 3.152657444772201600e+01 4.365280803313301305e+01 1.110131953357550039e+01 1.983053427775499644e+00 1.999955489311954396e-05
6.600000000000000000e+01 4.540081391084588837e-06 5.339154821581846336e+05 1.029507331310353990e+00 1.000021089231866611e+00 4.999965769558660789e-01 4.695621652483433536e+03 3.171445935088776480e+01 4.391370903772018153e+01 1.134678729846792145e+01 1.982874994638207822e+00 1.999955484780147202e-05
6.700000000000000000e+01 4.579477137481460641e-06 5.444168747199818026e+05 1.030212966645602579e+00 1.000021321896581661e+00 4.999965957050424570e-01 4.746064113370149244e+03 3.190245810998330001e+01 4.417477665101274198e+01 1.159469480043761180e+01 1.982705112947366288e+00 1.999955480358881873e-05
6.800000000000000000e+01 4.618447411353075353e-06 5.550268319451734424e+05 1.030926157019391054e+00 1.000021553030011834e+00 4.999966160473389709e-01 4.796543127849382472e+03 3.209057973781875006e+01 4.443602403129337119e+01 1.184504903837643575e+01 1.982543969656693550e+00 1.999955476044440613e-05
6.900000000000000000e+01 4.656999378168495729e-06 5.657455691656842828e+05 1.031646870600120058e+00 1.000021782646208113e+00 4.999966379596635369e-01 4.847059081179032546e+03 3.227882620591812213e+01 4.469745456084768165e+01 1.209785008081212254e+01 1.982391753984310556e+00 1.999955471833439355e-05
7.000000000000000000e+01 4.695142129475937636e-06 5.765731165095848264e+05 1.032375115448886049e+00 1.000022010771405290e+00 4.999966614206297066e-01 4.897611495629954334e+03 3.246719640333746071e+01 4.495906737121426744e+01 1.235310245649587735e+01 1.982248654987419423e+00 1.999955467722715956e-05
7.100000000000000000e+01 4.732884467425211086e-06 5.875101151023166021e+05 1.033110899913731284e+00 1.000022237430911565e+00 4.999966864094251839e-01 4.948202726590124257e+03 3.265569964042957452e+01 4.522087610284493309e+01 1.261081860557552758e+01 1.982114844906578188e+00 1.999955463709013743e-05
7.200000000000000000e+01 4.770234917210225116e-06 5.985572214387971908e+05 1.033854232935263129e+00 1.000022462649175159e+00 4.999967129058660031e-01 4.998835115183538619e+03 3.284434558200256049e+01 4.548289487967750944e+01 1.287101147020593395e+01 1.981990490460984411e+00 1.999955459789214281e-05
7.300000000000000000e+01 4.807201738820796589e-06 6.097151102563195163e+05 1.034605124074603699e+00 1.000022686449820730e+00 4.999967408903718269e-01 5.049510999566282408e+03 3.303314415429952078e+01 4.574513820605194780e+01 1.313369458239836263e+01 1.981875752918211164e+00 1.999955455960326526e-05
7.400000000000000000e+01 4.843792938128956222e-06 6.209844749042891199e+05 1.035363583504782747e+00 1.000022908855674686e+00 4.999967703439839317e-01 5.100232717960199807e+03 3.322210553803181909e+01 4.600762095502136617e+01 1.339888203761457142e+01 1.981770788289299867e+00 1.999955452219483442e-05
7.500000000000000000e+01 4.880016277351297108e-06 6.323660278909259941e+05 1.036129621998219230e+00 1.000023129888799822e+00 4.999968012483078095e-01 5.151002614352968521e+03 3.341124018425342257e+01 4.627035839359483305e+01 1.366658844735410128e+01 1.981675748768682022e+00 1.999955448563933187e-05
7.600000000000000000e+01 4.915879284992463046e-06 6.438605007509910502e+05 1.036903250957435851e+00 1.000023349570523967e+00 4.999968335855375923e-01 5.201823036231023252e+03 3.360055885178078938e+01 4.653336624342299643e+01 1.393682901246127059e+01 1.981590783192085370e+00 1.999955444991035052e-05
7.700000000000000000e+01 4.951386522850414897e-06 6.554686458699654322e+05 1.037684421940284984e+00 1.000023567904600341e+00 4.999968673358025639e-01 5.252696330981652864e+03 3.379007269933796209e+01 4.679666080722439148e+01 1.420960938185241140e+01 1.981516037524951646e+00 1.999955441498258780e-05
7.800000000000000000e+01 4.986544395984947517e-06 6.671903218589201570e+05 1.038473129127428063e+00 1.000023784906578728e+00 4.999969024814048257e-01 5.303620912364797732e+03 3.397977881817902812e+01 4.706023883162337285e+01 1.448493153933846855e+01 1.981451659371600282e+00 1.999955438083435966e-05
7.900000000000000000e+01 5.021359873332946975e-06 6.790260363598335534e+05 1.039269383415522219e+00 1.000024000596043461e+00 4.999969390058037200e-01 5.354598032057343516e+03 3.416968481621763942e+01 4.732411175468372733e+01 1.476280840569858910e+01 1.981397788412240901e+00 1.999955434744286737e-05
8.000000000000000000e+01 5.055839721741725081e-06 6.909765606559708249e+05 1.040073196168018299e+00 1.000024214991915406e+00 4.999969768929176106e-01 5.405630018761071369e+03 3.435980280557708966e+01 4.758829728693688565e+01 1.504325644124448580e+01 1.981354560991810843e+00 1.999955431478550193e-05
8.100000000000000000e+01 5.089990513874955568e-06 7.030426841803429415e+05 1.040884579349131034e+00 1.000024428112485486e+00 4.999970161272064284e-01 5.456719198704201517e+03 3.455014546605585934e+01 4.785281395211700328e+01 1.532629259073076433e+01 1.981322113429587084e+00 1.999955428284052168e-05
8.200000000000000000e+01 5.123818635616419668e-06 7.152252159924501320e+05 1.041703545558722466e+00 1.000024639975436891e+00 4.999970566935942329e-01 5.507867905666085790e+03 3.474072593070153658e+01 4.811768093244864986e+01 1.561193429628493234e+01 1.981300581547207340e+00 1.999955425158701509e-05
8.300000000000000000e+01 5.157330293173952016e-06 7.275249849374882178e+05 1.042530108022241997e+00 1.000024850597858617e+00 4.999970985774988552e-01 5.559078479734273060e+03 3.493155781507214641e+01 4.838291810836020090e+01 1.590019946056534650e+01 1.981290100928524422e+00 1.999955422100484648e-05
8.400000000000000000e+01 5.190531519952254122e-06 7.399428391651004786e+05 1.043364280577159464e+00 1.000025059996264565e+00 4.999971417648071959e-01 5.610353262638712295e+03 3.512265534284888702e+01 4.864854623762505526e+01 1.619110645959988304e+01 1.981290808494814870e+00 1.999955419107465269e-05
8.500000000000000000e+01 5.223427090457369469e-06 7.524796476862983545e+05 1.044206049661223767e+00 1.000025268179693505e+00 4.999971862403851386e-01 5.661694601344639523e+03 3.531403334284710382e+01 4.891458695735289552e+01 1.648466945060032529e+01 1.981302843035246841e+00 1.999955416177780576e-05
8.600000000000000000e+01 5.256020491992054363e-06 7.651358776858800557e+05 1.045055371027471036e+00 1.000025475149394660e+00 4.999972319877486471e-01 5.713103140709576110e+03 3.550570111524974948e+01 4.918105424548610216e+01 1.678089267361607995e+01 1.981326346102254332e+00 1.999955413309730743e-05
8.700000000000000000e+01 5.288317356067706421e-06 7.779115391641682945e+05 1.045912258113424365e+00 1.000025680920553883e+00 4.999972789937927597e-01 5.764577685894792921e+03 3.569766186358471316e+01 4.944795364198886034e+01 1.707978453285770826e+01 1.981361460801070784e+00 1.999955410501771461e-05
8.800000000000000000e+01 5.320323162559543685e-06 7.908075232228355017e+05 1.046776724617670240e+00 1.000025885507801915e+00 4.999973272457788886e-01 5.816120580988123038e+03 3.588993233959147489e+01 4.971530960367935137e+01 1.738136430123026344e+01 1.981408333859776327e+00 1.999955407752219166e-05
8.900000000000000000e+01 5.352043245221415920e-06 8.038247372661812697e+05 1.047648784886054285e+00 1.000026088925236145e+00 4.999973767313444784e-01 5.867734161039062201e+03 3.608252996689964931e+01 4.998314749196864426e+01 1.768565157086189288e+01 1.981467109876482668e+00 1.999955405059452977e-05
9.000000000000000000e+01 5.383482796898358968e-06 8.169641088112778962e+05 1.048528453854854714e+00 1.000026291186454142e+00 4.999974274385012851e-01 5.919420766711129545e+03 3.627547268851735396e+01 5.025149338413353917e+01 1.799266626517638912e+01 1.981537930754113219e+00 1.999955402421909269e-05
9.100000000000000000e+01 5.414646874599635163e-06 8.302265853941985406e+05 1.049415747083984884e+00 1.000026492304539882e+00 4.999974793556534736e-01 5.971182744679038478e+03 3.646877983792392541e+01 5.052037537965814806e+01 1.830242871833856810e+01 1.981620952423149840e+00 1.999955399838080326e-05
9.200000000000000000e+01 5.445540404293519177e-06 8.436131352594991913e+05 1.050310680744962921e+00 1.000026692292081076e+00 4.999975324715832392e-01 6.023022450516808021e+03 3.666247201112369680e+01 5.078982341199102990e+01 1.861495973110232782e+01 1.981716342658504937e+00 1.999955397306511283e-05
9.300000000000000000e+01 5.476167974116486780e-06 8.571247478199596517e+05 1.051213265375686934e+00 1.000026891159784936e+00 4.999975867750175440e-01 6.074942247285712256e+03 3.685657141806773041e+01 5.105986975322849020e+01 1.893027946624546587e+01 1.981824285604973701e+00 1.999955394825798097e-05
9.400000000000000000e+01 5.506531266147104472e-06 8.707623430348779075e+05 1.052123428120739890e+00 1.000027088899716254e+00 4.999976422498946249e-01 6.126944145747893344e+03 3.705109989366724221e+01 5.133054615823768074e+01 1.924839312110878708e+01 1.981944966386960605e+00 1.999955392394601780e-05
9.500000000000000000e+01 5.536634911813593537e-06 8.845255786725118523e+05 1.053041184870769476e+00 1.000027285523271470e+00 4.999976988857246507e-01 6.179025375185641678e+03 3.724606247037554851e+01 5.160186094274016000e+01 1.956930535723868303e+01 1.982078555472539305e+00 1.999955390011843890e-05
9.600000000000000000e+01 5.566483425992473053e-06 8.984154678920217557e+05 1.053966551540936880e+00 1.000027481041320332e+00 4.999977566722236255e-01 6.231188304564559076e+03 3.744148376663690669e+01 5.187384976651348722e+01 1.989303720915275520e+01 1.982225234351947529e+00 1.999955387676244389e-05
9.700000000000000000e+01 5.596081211056424477e-06 9.124330387116438942e+05 1.054899544641177300e+00 1.000027675464228327e+00 4.999978155994012075e-01 6.283435286930373877e+03 3.763738993728317439e+01 5.214655039167829642e+01 2.021960984564754327e+01 1.982385187225014223e+00 1.999955385386567626e-05
9.800000000000000000e+01 5.625432560711479635e-06 9.265793398572194856e+05 1.055840181288126178e+00 1.000027868801856012e+00 4.999978756575077510e-01 6.335768683744622649e+03 3.783380890190728962e+01 5.242000308956877319e+01 2.054904470695724683e+01 1.982558609044203113e+00 1.999955383141617930e-05
9.900000000000000000e+01 5.654541663609315552e-06 9.408554411459974945e+05 1.056788479213011334e+00 1.000028061063548135e+00 4.999979368370484067e-01 6.388190867011506271e+03 3.803076996575328650e+01 5.269425005347110158e+01 2.088136339607445180e+01 1.982745694623815336e+00 1.999955380940240287e-05
1.000000000000000000e+02 5.683412606883927868e-06 9.552624335144946817e+05 1.057744456984095249e+00 1.000028252258130301e+00 4.999979991286910286e-01 6.440704217061001145e+03 3.822830637312463864e+01 5.296933921780021848e+01 2.121658800671191969e+01 1.982946686555318694e+00 1.999955378781317967e-05
