# Steps, Time, visc, Nusselt bottom/top, av_T, vrms, surf_rms, surf_max, grav, etamax, etamin
1.000000000000000000e+00 0.000000000000000000e+00 7.270537690761455451e+04 1.000000000000006661e+00 1.000000000000003331e+00 4.999999999999963918e-01 1.435446067054459263e+03 2.354948006564710639e+01 3.297675138442174614e+01 1.739478704910393692e+00 1.990555634310670063e+00 1.999956600157410340e-05
2.000000000000000000e+00 2.835906466411421881e-07 7.270014684825587028e+04 1.000272128039850550e+00 1.000000882053013740e+00 5.000000417051850832e-01 1.435433690545924492e+03 2.353248796280604083e+01 3.295722085060457118e+01 1.830901426399964338e+00 1.990680000476392264e+00 1.999956600164715152e-05
3.000000000000000000e+00 5.444388147703280879e-07 8.131060072810402198e+04 1.000625753125429673e+00 1.000001702442022022e+00 5.000000815823590905e-01 1.548630460075556130e+03 2.487329672713759621e+01 3.484327498732816508e+01 2.015286630685428904e+00 1.990007751712983719e+00 1.999956481473530207e-05
4.000000000000000000e+00 7.867303761403352460e-07 9.004444143193798664e+04 1.001015466392001230e+00 1.000002475428454662e+00 5.000001197436554357e-01 1.656860149705229560e+03 2.624295684101886295e+01 3.676924749216190236e+01 2.219674707935327174e+00 1.988961762728447935e+00 1.999956383149864713e-05
5.000000000000000000e+00 1.013005748169478770e-06 9.921075865624555445e+04 1.001444918263335593e+00 1.000003207954752726e+00 5.000001612780674565e-01 1.764623106493558225e+03 2.763384036321911807e+01 3.872510268552817791e+01 2.451187926741034140e+00 1.987474934978746166e+00 1.999956298144520410e-05
6.000000000000000000e+00 1.225330798442274294e-06 1.087940934404701839e+05 1.001913754033051607e+00 1.000003906299232748e+00 5.000002113210506582e-01 1.871821995931499487e+03 2.897776953748016737e+01 4.061474015872539667e+01 2.711197999249146395e+00 1.985506204091577631e+00 1.999956223860859184e-05
7.000000000000000000e+00 1.425393653401481226e-06 1.187857324466594146e+05 1.002421825614105533e+00 1.000004576005690149e+00 5.000002738996864871e-01 1.978470568630235675e+03 3.019365413888383287e+01 4.232394385504969136e+01 2.997366748040405593e+00 1.983102718146846133e+00 1.999956158442899710e-05
8.000000000000000000e+00 1.614572370635418817e-06 1.291749379344496992e+05 1.002968963996818008e+00 1.000005221740845496e+00 5.000003510550551367e-01 2.084557468241598144e+03 3.121509880197623232e+01 4.375919924186968046e+01 3.302504968766049487e+00 1.980413186748888554e+00 1.999956100400295309e-05
9.000000000000000000e+00 1.794039220959778398e-06 1.399527898760441749e+05 1.003554990792183466e+00 1.000005847252996682e+00 5.000004423248736174e-01 2.190070013651331465e+03 3.201907685369322110e+01 4.488856194305651570e+01 3.616584743696838355e+00 1.977643611501982646e+00 1.999956048507380498e-05
